2.4 2.1 0.0003
-3.0 -2.4 0.000317
1.2 -3.0 0.000298
-2.4 -2.1 0.000312
-0.0 -3.0 0.000306
1.8 1.5 0.000295
-1.2 -2.4 0.000305
0.6 1.8 0.000288
-0.0 0.9 0.00031
1.5 0.3 0.000276
-1.5 -0.6 0.000301
-1.2 -1.8 0.000303
3.0 1.8 0.000274
-1.8 2.7 0.00032
-2.7 -1.5 0.000301
-0.6 -0.3 0.000305
-0.3 2.1 0.000276
0.6 -0.0 0.000302
-1.2 1.2 0.000275
-0.6 1.2 0.000276
3.0 2.4 0.000313
-1.2 3.0 0.000303
2.7 -1.2 0.000296
2.4 3.0 0.000306
-2.7 -0.3 0.000296
-1.8 1.5 0.000305
-2.1 -1.5 0.000306
2.7 -0.9 0.000299
0.3 -0.6 0.000312
1.2 -1.2 0.00029
-2.7 -0.9 0.000306
2.1 -1.8 0.000302
2.7 -0.3 0.000292
-0.9 1.5 0.00028
-3.0 -2.7 0.000292
-1.8 0.3 0.000278
2.1 -2.7 0.00029
2.4 -0.6 0.000286
0.6 -0.6 0.000305
-0.3 -1.5 0.000287
-2.1 -2.4 0.000299
3.0 -2.1 0.000331
-1.8 -0.3 0.000287
0.3 0.9 0.000317
-1.5 1.5 0.00027
-2.1 2.1 0.0003
-0.6 -1.2 0.000297
-2.1 2.7 0.000315
2.4 2.4 0.000302
-2.7 1.2 0.000311
-3.0 -0.0 0.000284
3.0 -2.4 0.000324
0.9 -2.7 0.000313
0.6 -0.9 0.000308
0.6 -0.3 0.000308
1.2 -1.5 0.000294
-2.1 0.3 0.000282
1.8 2.4 0.000303
2.1 -0.9 0.00029
-0.9 1.8 0.000297
-0.0 2.4 0.000276
0.6 -1.8 0.000282
1.8 3.0 0.000299
-0.0 2.7 0.000275
2.7 2.4 0.000313
-2.1 1.2 0.000314
-1.5 0.9 0.000282
-2.1 1.8 0.000299
0.9 -2.1 0.000315
0.3 1.5 0.000283
-2.7 -0.0 0.000293
0.3 1.2 0.000309
-0.9 0.6 0.000306
1.8 -1.2 0.000289
-3.0 1.5 0.00031
-0.6 -2.7 0.000297
-0.9 -0.9 0.000315
-0.6 -1.5 0.000299
-0.3 1.5 0.000283
1.5 -0.6 0.000292
-0.9 2.4 0.000311
2.1 -2.1 0.000298
-1.8 -1.8 0.000301
-1.8 0.6 0.000287
-0.6 2.7 0.00027
1.8 2.7 0.000287
-1.8 -1.5 0.000292
-2.4 -1.2 0.000309
-1.5 -0.0 0.000296
-1.5 0.6 0.000296
0.6 3.0 0.000267
-2.4 -3.0 0.00029
2.1 -1.5 0.000298
-0.0 -0.0 0.00031
2.4 -0.0 0.000301
-2.7 2.1 0.000303
2.7 -1.5 0.000282
2.7 2.7 0.000315
-3.0 2.7 0.000323
-0.9 -2.7 0.000294
-2.1 3.0 0.000316
2.1 0.3 0.000288
-3.0 -2.1 0.000329
-3.0 -3.0 0.000292
-0.6 0.6 0.0003
1.2 2.4 0.000276
3.0 -0.9 0.000285
3.0 -3.0 0.000327
-2.4 0.6 0.000296
2.4 0.6 0.000294
2.7 3.0 0.000314
-0.0 -1.2 0.000309
-1.2 2.7 0.000305
-2.7 -2.1 0.000322
0.9 0.3 0.000312
-0.3 0.9 0.000304
0.6 1.2 0.000302
1.5 1.8 0.000305
-0.9 0.9 0.000295
-3.0 0.6 0.000299
-0.0 3.0 0.00027
-0.9 -1.2 0.000315
0.3 -3.0 0.000306
-1.8 2.4 0.000306
0.9 -1.5 0.00031
1.2 -0.9 0.000288
3.0 1.5 0.000297
-1.8 2.1 0.000299
-1.2 -1.5 0.000307
2.7 0.6 0.00029
-0.9 -2.1 0.000291
-0.6 2.4 0.000297
-0.9 -0.3 0.000317
0.3 2.4 0.000284
-3.0 1.8 0.000327
-0.3 1.2 0.000321
0.3 -1.8 0.000299
0.3 3.0 0.000275
-1.2 -0.0 0.000312
-0.9 -1.8 0.000291
-0.0 0.6 0.000284
-0.6 1.5 0.000301
2.1 1.2 0.000303
0.9 -3.0 0.000288
-0.3 3.0 0.000281
-2.4 -0.6 0.000293
-1.2 0.3 0.000311
-3.0 -0.3 0.00029
0.9 -0.0 0.000299
1.8 0.6 0.000283
-3.0 1.2 0.000297
2.7 -0.0 0.000283
1.8 -1.8 0.000305
-0.0 -1.8 0.000317
1.2 0.3 0.000289
-2.4 -1.5 0.000306
1.8 1.2 0.000293
-0.0 -0.9 0.000318
-2.4 2.1 0.000312
-0.9 -1.5 0.000307
-1.2 1.8 0.000289
-2.1 1.5 0.000317
-0.3 0.3 0.000318
2.4 -2.4 0.000298
-0.3 -0.0 0.000321
-2.7 -3.0 0.000298
-1.8 -0.0 0.00031
-0.0 -2.1 0.000286
2.4 -1.5 0.000293
-0.0 -2.4 0.000295
-2.7 -0.6 0.000298
2.1 -1.2 0.000294
-1.8 3.0 0.000307
-1.8 1.2 0.000298
1.8 -2.1 0.000292
1.5 3.0 0.000269
-0.3 -1.2 0.000308
0.6 -2.1 0.000288
-2.7 3.0 0.00032
3.0 -1.2 0.000288
0.3 -0.9 0.000308
-3.0 -1.2 0.000304
2.1 1.8 0.000301
-2.4 1.2 0.000316
0.6 0.9 0.000302
0.6 -2.4 0.000328
0.6 0.3 0.000297
0.9 0.6 0.000308
0.9 -1.2 0.000295
1.8 1.8 0.000305
2.4 1.5 0.000297
-0.3 -2.4 0.000296
-0.9 3.0 0.000287
-1.5 -1.5 0.000306
0.3 -0.0 0.000301
1.5 -0.9 0.00029
1.5 -2.7 0.000287
3.0 -1.8 0.0003
-2.7 1.8 0.000297
0.3 0.3 0.000311
0.9 1.5 0.000296
-0.0 -0.3 0.000302
1.5 -0.0 0.000274
-3.0 -0.9 0.000296
-2.4 1.8 0.000306
-0.0 -0.6 0.000302
0.6 2.1 0.000275
-3.0 2.4 0.000336
-2.4 -0.3 0.000303
1.5 -0.3 0.000284
-0.9 2.1 0.000317
1.5 -2.1 0.000288
1.5 1.5 0.00029
1.8 -0.0 0.000282
-0.9 -0.6 0.000322
2.7 -0.6 0.00028
-1.8 -2.7 0.00029
-1.2 -0.6 0.000304
-0.0 1.5 0.000279
0.6 -1.5 0.000293
-2.1 0.9 0.000311
-0.0 0.3 0.000307
-2.1 -2.1 0.000313
0.9 2.1 0.000289
-1.5 2.1 0.000301
2.4 -2.1 0.000303
-1.5 0.3 0.00029
-0.9 -0.0 0.000328
-1.8 1.8 0.000303
-2.4 -0.0 0.000306
0.6 2.7 0.000278
2.4 -0.3 0.000293
-1.5 -1.8 0.000301
3.0 0.6 0.000313
-3.0 -1.5 0.000309
-1.5 3.0 0.0003
2.1 -0.6 0.00029
2.4 -1.8 0.000298
-0.6 0.3 0.000327
-0.0 -1.5 0.00031
3.0 -0.6 0.000291
-1.2 -2.7 0.000297
0.9 -0.3 0.0003
-1.2 -0.3 0.000316
-2.1 -2.7 0.000295
0.6 -3.0 0.000304
1.2 -2.4 0.000296
1.2 -0.3 0.000295
-2.7 -2.7 0.000306
-0.3 -0.9 0.000317
3.0 -0.3 0.000295
-2.7 0.6 0.000299
1.2 1.2 0.000308
-0.6 1.8 0.00029
1.5 -1.5 0.000282
-1.5 -0.3 0.000293
0.9 -2.4 0.000306
3.0 -0.0 0.000286
-2.1 -3.0 0.000291
3.0 -2.7 0.000341
-2.4 0.3 0.000284
1.5 -1.8 0.000301
-2.1 -0.3 0.000284
-2.4 0.9 0.000315
-0.6 -0.9 0.000328
1.8 -0.9 0.000287
-2.4 -2.7 0.000304
-1.8 -0.6 0.000284
-0.3 2.7 0.000275
2.1 -0.3 0.000295
1.8 0.9 0.000286
0.3 -0.3 0.000311
3.0 2.1 0.000287
0.3 -1.5 0.000299
0.3 -2.4 0.00031
0.9 0.9 0.000307
-0.6 0.9 0.000312
3.0 1.2 0.000293
-1.2 1.5 0.000285
-2.4 3.0 0.000328
-1.8 -2.1 0.000313
3.0 0.9 0.000312
2.7 -2.1 0.000301
-2.1 -0.9 0.000288
2.4 2.7 0.000301
1.2 1.5 0.000277
1.2 1.8 0.000277
-2.1 2.4 0.000321
-3.0 -1.8 0.00032
-1.2 0.9 0.000282
0.9 3.0 0.00027
1.2 -2.7 0.000297
2.1 0.6 0.000301
1.8 -2.7 0.000294
-0.9 2.7 0.000298
2.7 -2.4 0.00032
1.8 -0.6 0.000294
-0.6 2.1 0.000275
1.2 0.6 0.000297
-1.5 -2.1 0.000298
0.9 2.7 0.000268
-2.1 -1.2 0.000292
0.3 -2.1 0.000297
2.1 -2.4 0.000294
-0.6 -0.6 0.000314
2.7 -2.7 0.000323
2.4 0.9 0.00029
-2.7 -1.2 0.000311
-2.4 -1.8 0.000302
2.7 0.9 0.000306
1.8 -1.5 0.000305
2.7 1.8 0.000306
2.1 -3.0 0.000316
-0.3 -0.6 0.000313
2.1 2.4 0.000299
1.8 -3.0 0.000311
2.4 -0.9 0.000292
1.2 -1.8 0.000321
2.4 -1.2 0.000293
-1.8 -2.4 0.000302
-0.0 -2.7 0.000295
-1.5 -1.2 0.000296
-1.5 -2.7 0.000308
2.7 -1.8 0.000297
0.6 -2.7 0.000314
0.6 1.5 0.000298
-2.1 -0.6 0.000287
0.3 1.8 0.000287
1.2 2.7 0.000284
0.3 0.6 0.000297
0.6 0.6 0.00031
-2.4 -0.9 0.000309
-2.7 0.9 0.000309
-2.7 1.5 0.000292
-2.4 2.4 0.000317
-0.6 -2.1 0.000283
0.9 -0.6 0.000298
-0.9 -2.4 0.000291
-1.2 -0.9 0.000299
-1.2 2.1 0.000315
-0.6 -2.4 0.000294
1.5 2.7 0.000271
1.5 -1.2 0.000287
-1.8 -3.0 0.000296
-0.3 0.6 0.000323
-0.3 -2.7 0.000298
-2.7 2.4 0.000322
-3.0 2.1 0.000326
-1.2 -2.1 0.00031
2.7 0.3 0.000298
0.9 1.8 0.000297
0.9 2.4 0.000271
-2.4 2.7 0.000324
-0.3 -0.3 0.000301
-0.9 0.3 0.000331
-0.0 1.2 0.000312
-1.2 -3.0 0.000297
-2.1 0.6 0.000287
-1.5 -2.4 0.000299
1.5 -2.4 0.000288
3.0 3.0 0.000306
-2.7 -2.4 0.000314
-1.5 2.7 0.000303
1.5 2.4 0.000287
-3.0 0.9 0.000304
2.7 1.5 0.000288
2.1 0.9 0.000303
-0.6 -0.0 0.000318
0.9 -1.8 0.000278
-1.2 0.6 0.00029
-0.3 -3.0 0.000287
-0.3 -1.8 0.000293
-1.8 -0.9 0.000293
-2.7 2.7 0.000315
-1.8 0.9 0.000286
1.5 2.1 0.00029
1.5 -3.0 0.000291
1.8 0.3 0.000284
2.1 2.1 0.000313
3.0 -1.5 0.000299
0.9 1.2 0.000301
0.6 2.4 0.000285
-0.3 -2.1 0.000287
1.8 -2.4 0.000303
-1.2 2.4 0.000302
2.7 2.1 0.000289
-1.2 -1.2 0.000308
2.4 -2.7 0.000315
-0.9 1.2 0.000271
3.0 0.3 0.000296
1.5 1.2 0.000299
0.3 -2.7 0.000319
3.0 2.7 0.000315
-2.7 -1.8 0.000318
2.4 0.3 0.00029
-1.5 1.8 0.000298
1.2 0.9 0.000296
-0.6 -1.8 0.000295
-1.5 -0.9 0.000288
-0.9 -3.0 0.000303
0.3 2.7 0.000288
-1.5 2.4 0.000304
-0.0 1.8 0.00029
-1.5 1.2 0.000289
-0.3 1.8 0.000275
2.4 1.2 0.000298
-0.3 2.4 0.00028
-0.6 -3.0 0.0003
2.1 2.7 0.000284
0.6 -1.2 0.000295
-2.1 -0.0 0.000296
-1.5 -3.0 0.000307
1.2 -0.0 0.000293
2.1 1.5 0.0003
1.2 2.1 0.000296
1.2 3.0 0.000267
-2.1 -1.8 0.000303
1.8 2.1 0.000296
0.3 2.1 0.000292
-0.6 3.0 0.000285
0.9 -0.9 0.00029
-0.0 2.1 0.000281
-2.7 0.3 0.000292
2.4 1.8 0.000314
2.7 1.2 0.000294
2.1 -0.0 0.000284
-2.4 1.5 0.00031
1.2 -0.6 0.000286
1.5 0.6 0.000278
1.8 -0.3 0.000288
1.5 0.9 0.000285
2.7 -3.0 0.000335
-3.0 3.0 0.000318
2.4 -3.0 0.000316
-1.8 -1.2 0.00028
2.1 3.0 0.000291
0.3 -1.2 0.000296
-3.0 -0.6 0.000297
1.2 -2.1 0.000309
-2.4 -2.4 0.000299
-3.0 0.3 0.000305
