2.4 2.1 0.004142
-3.0 -2.4 0.003982
1.2 -3.0 0.004246
-2.4 -2.1 0.004188
-0.0 -3.0 0.004355
1.8 1.5 0.004634
-1.2 -2.4 0.004517
0.6 1.8 0.004705
-0.0 0.9 0.005317
1.5 0.3 0.0049
-1.5 -0.6 0.004834
-1.2 -1.8 0.004649
3.0 1.8 0.004099
-1.8 2.7 0.004155
-2.7 -1.5 0.004284
-0.6 -0.3 0.005357
-0.3 2.1 0.004615
0.6 -0.0 0.005386
-1.2 1.2 0.00481
-0.6 1.2 0.005046
3.0 2.4 0.004034
-1.2 3.0 0.004253
2.7 -1.2 0.004365
2.4 3.0 0.003965
-2.7 -0.3 0.004493
-1.8 1.5 0.004718
-2.1 -1.5 0.004552
2.7 -0.9 0.004464
0.3 -0.6 0.005397
1.2 -1.2 0.004748
-2.7 -0.9 0.004445
2.1 -1.8 0.004449
2.7 -0.3 0.004528
-0.9 1.5 0.004776
-3.0 -2.7 0.003909
-1.8 0.3 0.00481
2.1 -2.7 0.004036
2.4 -0.6 0.004657
0.6 -0.6 0.00545
-0.3 -1.5 0.004912
-2.1 -2.4 0.0042
3.0 -2.1 0.004041
-1.8 -0.3 0.004801
0.3 0.9 0.005317
-1.5 1.5 0.004643
-2.1 2.1 0.004309
-0.6 -1.2 0.005078
-2.1 2.7 0.003954
2.4 2.4 0.00402
-2.7 1.2 0.004364
-3.0 -0.0 0.00438
3.0 -2.4 0.00416
0.9 -2.7 0.004386
0.6 -0.9 0.005262
0.6 -0.3 0.005396
1.2 -1.5 0.004571
-2.1 0.3 0.004675
1.8 2.4 0.004203
2.1 -0.9 0.004724
-0.9 1.8 0.004631
-0.0 2.4 0.004604
0.6 -1.8 0.004712
1.8 3.0 0.003943
-0.0 2.7 0.004373
2.7 2.4 0.004042
-2.1 1.2 0.004734
-1.5 0.9 0.004807
-2.1 1.8 0.004442
0.9 -2.1 0.004688
0.3 1.5 0.004934
-2.7 -0.0 0.004574
0.3 1.2 0.005122
-0.9 0.6 0.005255
1.8 -1.2 0.004648
-3.0 1.5 0.004136
-0.6 -2.7 0.004473
-0.9 -0.9 0.005234
-0.6 -1.5 0.004885
-0.3 1.5 0.004909
1.5 -0.6 0.00482
-0.9 2.4 0.00465
2.1 -2.1 0.004365
-1.8 -1.8 0.004556
-1.8 0.6 0.004753
-0.6 2.7 0.004436
1.8 2.7 0.00411
-1.8 -1.5 0.004726
-2.4 -1.2 0.004514
-1.5 -0.0 0.004995
-1.5 0.6 0.004844
0.6 3.0 0.00418
-2.4 -3.0 0.00403
2.1 -1.5 0.004577
-0.0 -0.0 0.005479
2.4 -0.0 0.004698
-2.7 2.1 0.004071
2.7 -1.5 0.004277
2.7 2.7 0.003967
-3.0 2.7 0.00391
-0.9 -2.7 0.004351
-2.1 3.0 0.003952
2.1 0.3 0.004693
-3.0 -2.1 0.004043
-3.0 -3.0 0.003856
-0.6 0.6 0.005323
1.2 2.4 0.004457
3.0 -0.9 0.004271
3.0 -3.0 0.003917
-2.4 0.6 0.004679
2.4 0.6 0.004613
2.7 3.0 0.003893
-0.0 -1.2 0.005177
-1.2 2.7 0.004422
-2.7 -2.1 0.004042
0.9 0.3 0.005336
-0.3 0.9 0.005289
0.6 1.2 0.005043
1.5 1.8 0.004563
-0.9 0.9 0.005035
-3.0 0.6 0.004359
-0.0 3.0 0.004208
-0.9 -1.2 0.004978
0.3 -3.0 0.004331
-1.8 2.4 0.004246
0.9 -1.5 0.004736
1.2 -0.9 0.004867
3.0 1.5 0.004178
-1.8 2.1 0.004399
-1.2 -1.5 0.004691
2.7 0.6 0.004501
-0.9 -2.1 0.004687
-0.6 2.4 0.004564
-0.9 -0.3 0.005305
0.3 2.4 0.004576
-3.0 1.8 0.004067
-0.3 1.2 0.005147
0.3 -1.8 0.004692
0.3 3.0 0.004267
-1.2 -0.0 0.005198
-0.9 -1.8 0.004669
-0.0 0.6 0.005371
-0.6 1.5 0.004858
2.1 1.2 0.004603
0.9 -3.0 0.004234
-0.3 3.0 0.004194
-2.4 -0.6 0.004649
-1.2 0.3 0.00509
-3.0 -0.3 0.00436
0.9 -0.0 0.005361
1.8 0.6 0.004743
-3.0 1.2 0.004152
2.7 -0.0 0.004554
1.8 -1.8 0.004631
-0.0 -1.8 0.004756
1.2 0.3 0.005154
-2.4 -1.5 0.004448
1.8 1.2 0.004641
-0.0 -0.9 0.005274
-2.4 2.1 0.00415
-0.9 -1.5 0.004786
-1.2 1.8 0.00455
-2.1 1.5 0.004608
-0.3 0.3 0.005392
2.4 -2.4 0.004076
-0.3 -0.0 0.005452
-2.7 -3.0 0.003991
-1.8 -0.0 0.004801
-0.0 -2.1 0.004693
2.4 -1.5 0.004479
-0.0 -2.4 0.004656
-2.7 -0.6 0.004546
2.1 -1.2 0.00471
-1.8 3.0 0.003967
-1.8 1.2 0.004645
1.8 -2.1 0.004592
1.5 3.0 0.004019
-0.3 -1.2 0.005114
0.6 -2.1 0.004707
-2.7 3.0 0.003919
3.0 -1.2 0.00421
0.3 -0.9 0.00536
-3.0 -1.2 0.004188
2.1 1.8 0.004387
-2.4 1.2 0.004555
0.6 0.9 0.005281
0.6 -2.4 0.00474
0.6 0.3 0.005338
0.9 0.6 0.005291
0.9 -1.2 0.004876
1.8 1.8 0.004548
2.4 1.5 0.004416
-0.3 -2.4 0.004684
-0.9 3.0 0.004221
-1.5 -1.5 0.004696
0.3 -0.0 0.005496
1.5 -0.9 0.004802
1.5 -2.7 0.004196
3.0 -1.8 0.004069
-2.7 1.8 0.004148
0.3 0.3 0.005431
0.9 1.5 0.004809
-0.0 -0.3 0.005454
1.5 -0.0 0.004946
-3.0 -0.9 0.004272
-2.4 1.8 0.004319
-0.0 -0.6 0.005376
0.6 2.1 0.004562
-3.0 2.4 0.003997
-2.4 -0.3 0.004683
1.5 -0.3 0.00492
-0.9 2.1 0.004749
1.5 -2.1 0.004598
1.5 1.5 0.004677
1.8 -0.0 0.004791
-0.9 -0.6 0.005203
2.7 -0.6 0.004462
-1.8 -2.7 0.004172
-1.2 -0.6 0.005122
-0.0 1.5 0.004898
0.6 -1.5 0.004817
-2.1 0.9 0.004769
-0.0 0.3 0.005432
-2.1 -2.1 0.004329
0.9 2.1 0.004731
-1.5 2.1 0.004522
2.4 -2.1 0.004259
-1.5 0.3 0.004872
-0.9 -0.0 0.005341
-1.8 1.8 0.004589
-2.4 -0.0 0.004717
0.6 2.7 0.004385
2.4 -0.3 0.004686
-1.5 -1.8 0.004679
3.0 0.6 0.004313
-3.0 -1.5 0.004121
-1.5 3.0 0.004124
2.1 -0.6 0.004721
2.4 -1.8 0.004293
-0.6 0.3 0.005387
-0.0 -1.5 0.004935
3.0 -0.6 0.004352
-1.2 -2.7 0.004311
0.9 -0.3 0.005362
-1.2 -0.3 0.005126
-2.1 -2.7 0.00407
0.6 -3.0 0.004265
1.2 -2.4 0.004508
1.2 -0.3 0.005072
-2.7 -2.7 0.003971
-0.3 -0.9 0.005266
3.0 -0.3 0.004378
-2.7 0.6 0.00457
1.2 1.2 0.004885
-0.6 1.8 0.004766
1.5 -1.5 0.004638
-1.5 -0.3 0.004929
0.9 -2.4 0.004542
3.0 -0.0 0.004393
-2.1 -3.0 0.004071
3.0 -2.7 0.003999
-2.4 0.3 0.004732
1.5 -1.8 0.004709
-2.1 -0.3 0.004602
-2.4 0.9 0.004632
-0.6 -0.9 0.005203
1.8 -0.9 0.004678
-2.4 -2.7 0.004084
-1.8 -0.6 0.004754
-0.3 2.7 0.004379
2.1 -0.3 0.004641
1.8 0.9 0.004638
0.3 -0.3 0.005438
3.0 2.1 0.004063
0.3 -1.5 0.004893
0.3 -2.4 0.004705
0.9 0.9 0.005076
-0.6 0.9 0.005272
3.0 1.2 0.004188
-1.2 1.5 0.004606
-2.4 3.0 0.003932
-1.8 -2.1 0.004442
3.0 0.9 0.004232
2.7 -2.1 0.004115
-2.1 -0.9 0.004747
2.4 2.7 0.004042
1.2 1.5 0.004674
1.2 1.8 0.004546
-2.1 2.4 0.004151
-3.0 -1.8 0.004007
-1.2 0.9 0.004897
0.9 3.0 0.004169
1.2 -2.7 0.004301
2.1 0.6 0.004672
1.8 -2.7 0.004098
-0.9 2.7 0.004458
2.7 -2.4 0.004164
1.8 -0.6 0.004771
-0.6 2.1 0.004674
1.2 0.6 0.00509
-1.5 -2.1 0.004565
0.9 2.7 0.004382
-2.1 -1.2 0.004647
0.3 -2.1 0.004687
2.1 -2.4 0.004187
-0.6 -0.6 0.005303
2.7 -2.7 0.004077
2.4 0.9 0.004621
-2.7 -1.2 0.004346
-2.4 -1.8 0.004285
2.7 0.9 0.004399
1.8 -1.5 0.004717
2.7 1.8 0.004241
2.1 -3.0 0.004109
-0.3 -0.6 0.005293
2.1 2.4 0.004139
1.8 -3.0 0.004083
2.4 -0.9 0.004586
1.2 -1.8 0.004656
2.4 -1.2 0.004578
-1.8 -2.4 0.004327
-0.0 -2.7 0.004508
-1.5 -1.2 0.004739
-1.5 -2.7 0.004226
2.7 -1.8 0.004165
0.6 -2.7 0.004494
0.6 1.5 0.004875
-2.1 -0.6 0.00469
0.3 1.8 0.004773
1.2 2.7 0.004299
0.3 0.6 0.005352
0.6 0.6 0.005343
-2.4 -0.9 0.004608
-2.7 0.9 0.004486
-2.7 1.5 0.004246
-2.4 2.4 0.003966
-0.6 -2.1 0.004654
0.9 -0.6 0.005315
-0.9 -2.4 0.00455
-1.2 -0.9 0.004986
-1.2 2.1 0.004646
-0.6 -2.4 0.00457
1.5 2.7 0.004225
1.5 -1.2 0.004678
-1.8 -3.0 0.004036
-0.3 0.6 0.00533
-0.3 -2.7 0.004476
-2.7 2.4 0.004085
-3.0 2.1 0.004069
-1.2 -2.1 0.00466
2.7 0.3 0.00457
0.9 1.8 0.004685
0.9 2.4 0.004541
-2.4 2.7 0.004014
-0.3 -0.3 0.005448
-0.9 0.3 0.005352
-0.0 1.2 0.005164
-1.2 -3.0 0.004154
-2.1 0.6 0.004748
-1.5 -2.4 0.004424
1.5 -2.4 0.004415
3.0 3.0 0.003874
-2.7 -2.4 0.004086
-1.5 2.7 0.004312
1.5 2.4 0.004242
-3.0 0.9 0.004246
2.7 1.5 0.004293
2.1 0.9 0.004783
-0.6 -0.0 0.005385
0.9 -1.8 0.004644
-1.2 0.6 0.005011
-0.3 -3.0 0.004301
-0.3 -1.8 0.004748
-1.8 -0.9 0.004737
-2.7 2.7 0.003943
-1.8 0.9 0.004692
1.5 2.1 0.004454
1.5 -3.0 0.004106
1.8 0.3 0.004779
2.1 2.1 0.004223
3.0 -1.5 0.004132
0.9 1.2 0.004907
0.6 2.4 0.004517
-0.3 -2.1 0.00468
1.8 -2.4 0.004317
-1.2 2.4 0.004514
2.7 2.1 0.004058
-1.2 -1.2 0.00484
2.4 -2.7 0.004158
-0.9 1.2 0.004812
3.0 0.3 0.004357
1.5 1.2 0.004696
0.3 -2.7 0.004501
3.0 2.7 0.003936
-2.7 -1.8 0.004151
2.4 0.3 0.004696
-1.5 1.8 0.004673
1.2 0.9 0.004931
-0.6 -1.8 0.004735
-1.5 -0.9 0.004755
-0.9 -3.0 0.004264
0.3 2.7 0.004422
-1.5 2.4 0.004376
-0.0 1.8 0.004725
-1.5 1.2 0.004716
-0.3 1.8 0.004711
2.4 1.2 0.004554
-0.3 2.4 0.004606
-0.6 -3.0 0.004311
2.1 2.7 0.003958
0.6 -1.2 0.004977
-2.1 -0.0 0.004641
-1.5 -3.0 0.004112
1.2 -0.0 0.005121
2.1 1.5 0.004544
1.2 2.1 0.004576
1.2 3.0 0.004183
-2.1 -1.8 0.004493
1.8 2.1 0.004382
0.3 2.1 0.004614
-0.6 3.0 0.004197
0.9 -0.9 0.005056
-0.0 2.1 0.004597
-2.7 0.3 0.004523
2.4 1.8 0.004299
2.7 1.2 0.004303
2.1 -0.0 0.004689
-2.4 1.5 0.004432
1.2 -0.6 0.004995
1.5 0.6 0.004835
1.8 -0.3 0.004808
1.5 0.9 0.004789
2.7 -3.0 0.004027
-3.0 3.0 0.00383
2.4 -3.0 0.004159
-1.8 -1.2 0.004704
2.1 3.0 0.003989
0.3 -1.2 0.005171
-3.0 -0.6 0.004339
1.2 -2.1 0.004639
-2.4 -2.4 0.004024
-3.0 0.3 0.004356
