-1.6235442503947761 -2.0140846914180974 0.004636
-1.8929356746621837 1.1118764508626473 0.004423
2.3410564982234607 -1.6183011288422726 0.004001
2.560129829859422 -0.2002129334660374 0.003964
-0.22213629465561846 0.36093818686946877 0.005402
2.8412572351629084 0.040445280247052295 0.003858
-2.6351794907579142 -0.6870085559525911 0.003997
-2.3111109592875803 2.0110406131442486 0.004082
-0.7540705157458554 -0.09545909757386362 0.005085
-1.5395035686410456 -0.12457004419140061 0.004643
1.7260942742634091 -1.5821619461899112 0.004517
-2.0723339615464074 -1.361099471210938 0.004271
2.0300054430084478 2.8421613366932377 0.004211
-2.993221852408155 -2.5595334339970917 0.003847
-0.2046611821597457 -0.16192242351321173 0.005348
-2.550296653385281 -0.5400309238885042 0.003974
-0.5874596454916676 2.9089857550226377 0.005178
1.1856802308411236 -2.310861495433943 0.004805
-0.1989711882436751 -2.6483013109186158 0.005376
-1.92493033760095 1.2656942986470092 0.004391
-1.9363326168132742 -2.3410823390363253 0.004389
0.18503485082839166 -0.8778841119958152 0.005328
-2.5583385584679466 -2.198798140926243 0.004001
1.8506751825799475 1.9882157438903167 0.004382
2.780093874171472 -0.02212328894284532 0.003893
-0.686810325120315 1.8827578691551805 0.005116
-2.837670930615685 1.2845035584985673 0.003906
-1.6852362110354957 -1.5629611210109235 0.004607
