2.4 2.1 0.000734
-3.0 -2.4 0.000776
1.2 -3.0 0.000753
-2.4 -2.1 0.000755
-0.0 -3.0 0.000723
1.8 1.5 0.000763
-1.2 -2.4 0.00078
0.6 1.8 0.000755
-0.0 0.9 0.000793
1.5 0.3 0.00073
-1.5 -0.6 0.00077
-1.2 -1.8 0.000732
3.0 1.8 0.000776
-1.8 2.7 0.000778
-2.7 -1.5 0.00074
-0.6 -0.3 0.000793
-0.3 2.1 0.000752
0.6 -0.0 0.000804
-1.2 1.2 0.000784
-0.6 1.2 0.000795
3.0 2.4 0.000785
-1.2 3.0 0.000782
2.7 -1.2 0.000754
2.4 3.0 0.000774
-2.7 -0.3 0.000781
-1.8 1.5 0.0008
-2.1 -1.5 0.000747
2.7 -0.9 0.00075
0.3 -0.6 0.000801
1.2 -1.2 0.000744
-2.7 -0.9 0.000783
2.1 -1.8 0.000764
2.7 -0.3 0.000743
-0.9 1.5 0.00078
-3.0 -2.7 0.000751
-1.8 0.3 0.000767
2.1 -2.7 0.000763
2.4 -0.6 0.000772
0.6 -0.6 0.000817
-0.3 -1.5 0.000752
-2.1 -2.4 0.000746
3.0 -2.1 0.000823
-1.8 -0.3 0.000751
0.3 0.9 0.000803
-1.5 1.5 0.000768
-2.1 2.1 0.000789
-0.6 -1.2 0.000726
-2.1 2.7 0.000772
2.4 2.4 0.000712
-2.7 1.2 0.000778
-3.0 -0.0 0.00078
3.0 -2.4 0.00082
0.9 -2.7 0.000751
0.6 -0.9 0.000785
0.6 -0.3 0.00079
1.2 -1.5 0.000761
-2.1 0.3 0.000745
1.8 2.4 0.000733
2.1 -0.9 0.000765
-0.9 1.8 0.000787
-0.0 2.4 0.000751
0.6 -1.8 0.000763
1.8 3.0 0.000752
-0.0 2.7 0.000748
2.7 2.4 0.000769
-2.1 1.2 0.000773
-1.5 0.9 0.000742
-2.1 1.8 0.000785
0.9 -2.1 0.000798
0.3 1.5 0.000775
-2.7 -0.0 0.000805
0.3 1.2 0.000793
-0.9 0.6 0.000789
1.8 -1.2 0.000737
-3.0 1.5 0.000786
-0.6 -2.7 0.000764
-0.9 -0.9 0.000755
-0.6 -1.5 0.000745
-0.3 1.5 0.000778
1.5 -0.6 0.000747
-0.9 2.4 0.000799
2.1 -2.1 0.000764
-1.8 -1.8 0.000731
-1.8 0.6 0.000748
-0.6 2.7 0.000771
1.8 2.7 0.000742
-1.8 -1.5 0.000759
-2.4 -1.2 0.000748
-1.5 -0.0 0.000756
-1.5 0.6 0.000766
0.6 3.0 0.000715
-2.4 -3.0 0.000774
2.1 -1.5 0.000766
-0.0 -0.0 0.000803
2.4 -0.0 0.000774
-2.7 2.1 0.000765
2.7 -1.5 0.000786
2.7 2.7 0.000775
-3.0 2.7 0.000861
-0.9 -2.7 0.000735
-2.1 3.0 0.000799
2.1 0.3 0.000725
-3.0 -2.1 0.000774
-3.0 -3.0 0.000783
-0.6 0.6 0.000808
1.2 2.4 0.000743
3.0 -0.9 0.000772
3.0 -3.0 0.000831
-2.4 0.6 0.000781
2.4 0.6 0.000751
2.7 3.0 0.000793
-0.0 -1.2 0.000786
-1.2 2.7 0.000778
-2.7 -2.1 0.00076
0.9 0.3 0.000795
-0.3 0.9 0.000825
0.6 1.2 0.00078
1.5 1.8 0.000781
-0.9 0.9 0.000755
-3.0 0.6 0.000773
-0.0 3.0 0.000738
-0.9 -1.2 0.000747
0.3 -3.0 0.000768
-1.8 2.4 0.000761
0.9 -1.5 0.000745
1.2 -0.9 0.000745
3.0 1.5 0.000772
-1.8 2.1 0.000795
-1.2 -1.5 0.000725
2.7 0.6 0.000752
-0.9 -2.1 0.000766
-0.6 2.4 0.000764
-0.9 -0.3 0.000821
0.3 2.4 0.000755
-3.0 1.8 0.000793
-0.3 1.2 0.000795
0.3 -1.8 0.000769
0.3 3.0 0.000734
-1.2 -0.0 0.000811
-0.9 -1.8 0.000703
-0.0 0.6 0.000826
-0.6 1.5 0.000791
2.1 1.2 0.000748
0.9 -3.0 0.000757
-0.3 3.0 0.000743
-2.4 -0.6 0.000799
-1.2 0.3 0.000768
-3.0 -0.3 0.00078
0.9 -0.0 0.000801
1.8 0.6 0.000725
-3.0 1.2 0.000789
2.7 -0.0 0.00076
1.8 -1.8 0.000772
-0.0 -1.8 0.000766
1.2 0.3 0.000757
-2.4 -1.5 0.000775
1.8 1.2 0.000742
-0.0 -0.9 0.000808
-2.4 2.1 0.000764
-0.9 -1.5 0.000733
-1.2 1.8 0.000778
-2.1 1.5 0.000789
-0.3 0.3 0.000798
2.4 -2.4 0.000778
-0.3 -0.0 0.000822
-2.7 -3.0 0.00079
-1.8 -0.0 0.000794
-0.0 -2.1 0.000742
2.4 -1.5 0.000793
-0.0 -2.4 0.000768
-2.7 -0.6 0.000768
2.1 -1.2 0.000779
-1.8 3.0 0.000772
-1.8 1.2 0.00076
1.8 -2.1 0.000768
1.5 3.0 0.000742
-0.3 -1.2 0.000763
0.6 -2.1 0.000778
-2.7 3.0 0.000833
3.0 -1.2 0.000771
0.3 -0.9 0.000813
-3.0 -1.2 0.00075
2.1 1.8 0.000744
-2.4 1.2 0.000772
0.6 0.9 0.000785
0.6 -2.4 0.000757
0.6 0.3 0.000795
0.9 0.6 0.000778
0.9 -1.2 0.000773
1.8 1.8 0.000767
2.4 1.5 0.000763
-0.3 -2.4 0.000755
-0.9 3.0 0.000757
-1.5 -1.5 0.000741
0.3 -0.0 0.000812
1.5 -0.9 0.00074
1.5 -2.7 0.000737
3.0 -1.8 0.000807
-2.7 1.8 0.00077
0.3 0.3 0.000807
0.9 1.5 0.000766
-0.0 -0.3 0.000812
1.5 -0.0 0.000765
-3.0 -0.9 0.000774
-2.4 1.8 0.000767
-0.0 -0.6 0.00081
0.6 2.1 0.00075
-3.0 2.4 0.000832
-2.4 -0.3 0.000794
1.5 -0.3 0.000768
-0.9 2.1 0.000791
1.5 -2.1 0.000766
1.5 1.5 0.000759
1.8 -0.0 0.000756
-0.9 -0.6 0.000807
2.7 -0.6 0.000765
-1.8 -2.7 0.000777
-1.2 -0.6 0.000785
-0.0 1.5 0.000795
0.6 -1.5 0.000753
-2.1 0.9 0.000785
-0.0 0.3 0.000786
-2.1 -2.1 0.000742
0.9 2.1 0.000744
-1.5 2.1 0.000745
2.4 -2.1 0.000786
-1.5 0.3 0.000758
-0.9 -0.0 0.000816
-1.8 1.8 0.000789
-2.4 -0.0 0.000798
0.6 2.7 0.000716
2.4 -0.3 0.000754
-1.5 -1.8 0.000788
3.0 0.6 0.000725
-3.0 -1.5 0.000746
-1.5 3.0 0.000785
2.1 -0.6 0.000773
2.4 -1.8 0.000767
-0.6 0.3 0.000822
-0.0 -1.5 0.000759
3.0 -0.6 0.000735
-1.2 -2.7 0.000733
0.9 -0.3 0.00081
-1.2 -0.3 0.000728
-2.1 -2.7 0.000741
0.6 -3.0 0.000768
1.2 -2.4 0.000791
1.2 -0.3 0.000767
-2.7 -2.7 0.000788
-0.3 -0.9 0.000811
3.0 -0.3 0.000757
-2.7 0.6 0.000788
1.2 1.2 0.000756
-0.6 1.8 0.000773
1.5 -1.5 0.000723
-1.5 -0.3 0.000757
0.9 -2.4 0.00079
3.0 -0.0 0.000743
-2.1 -3.0 0.000777
3.0 -2.7 0.000822
-2.4 0.3 0.000777
1.5 -1.8 0.000791
-2.1 -0.3 0.000769
-2.4 0.9 0.000786
-0.6 -0.9 0.000778
1.8 -0.9 0.000739
-2.4 -2.7 0.000749
-1.8 -0.6 0.000766
-0.3 2.7 0.000721
2.1 -0.3 0.000738
1.8 0.9 0.000725
0.3 -0.3 0.000804
3.0 2.1 0.000788
0.3 -1.5 0.00077
0.3 -2.4 0.000779
0.9 0.9 0.00076
-0.6 0.9 0.000811
3.0 1.2 0.000763
-1.2 1.5 0.000785
-2.4 3.0 0.000836
-1.8 -2.1 0.000748
3.0 0.9 0.00076
2.7 -2.1 0.000762
-2.1 -0.9 0.000795
2.4 2.7 0.000744
1.2 1.5 0.000778
1.2 1.8 0.00077
-2.1 2.4 0.00078
-3.0 -1.8 0.000759
-1.2 0.9 0.000781
0.9 3.0 0.000748
1.2 -2.7 0.000759
2.1 0.6 0.00076
1.8 -2.7 0.000763
-0.9 2.7 0.000781
2.7 -2.4 0.000779
1.8 -0.6 0.000736
-0.6 2.1 0.000776
1.2 0.6 0.000775
-1.5 -2.1 0.000778
0.9 2.7 0.000733
-2.1 -1.2 0.000775
0.3 -2.1 0.00075
2.1 -2.4 0.000782
-0.6 -0.6 0.000796
2.7 -2.7 0.000801
2.4 0.9 0.000742
-2.7 -1.2 0.000774
-2.4 -1.8 0.000769
2.7 0.9 0.000752
1.8 -1.5 0.000769
2.7 1.8 0.000767
2.1 -3.0 0.00077
-0.3 -0.6 0.000806
2.1 2.4 0.000732
1.8 -3.0 0.000755
2.4 -0.9 0.000763
1.2 -1.8 0.000748
2.4 -1.2 0.000757
-1.8 -2.4 0.000765
-0.0 -2.7 0.000753
-1.5 -1.2 0.000747
-1.5 -2.7 0.000777
2.7 -1.8 0.000767
0.6 -2.7 0.000777
0.6 1.5 0.000782
-2.1 -0.6 0.000778
0.3 1.8 0.000761
1.2 2.7 0.000741
0.3 0.6 0.000798
0.6 0.6 0.000805
-2.4 -0.9 0.000787
-2.7 0.9 0.000807
-2.7 1.5 0.000767
-2.4 2.4 0.000768
-0.6 -2.1 0.000767
0.9 -0.6 0.000782
-0.9 -2.4 0.000755
-1.2 -0.9 0.000742
-1.2 2.1 0.000791
-0.6 -2.4 0.000774
1.5 2.7 0.000741
1.5 -1.2 0.000747
-1.8 -3.0 0.000745
-0.3 0.6 0.000822
-0.3 -2.7 0.000756
-2.7 2.4 0.000813
-3.0 2.1 0.000815
-1.2 -2.1 0.000768
2.7 0.3 0.000769
0.9 1.8 0.00076
0.9 2.4 0.000745
-2.4 2.7 0.000793
-0.3 -0.3 0.000806
-0.9 0.3 0.000805
-0.0 1.2 0.00083
-1.2 -3.0 0.000736
-2.1 0.6 0.000769
-1.5 -2.4 0.000771
1.5 -2.4 0.000747
3.0 3.0 0.000788
-2.7 -2.4 0.000773
-1.5 2.7 0.000802
1.5 2.4 0.000765
-3.0 0.9 0.000777
2.7 1.5 0.000776
2.1 0.9 0.00076
-0.6 -0.0 0.000824
0.9 -1.8 0.000747
-1.2 0.6 0.000741
-0.3 -3.0 0.000723
-0.3 -1.8 0.000729
-1.8 -0.9 0.000749
-2.7 2.7 0.000825
-1.8 0.9 0.000731
1.5 2.1 0.000775
1.5 -3.0 0.00074
1.8 0.3 0.00072
2.1 2.1 0.00074
3.0 -1.5 0.00077
0.9 1.2 0.00077
0.6 2.4 0.000744
-0.3 -2.1 0.000728
1.8 -2.4 0.000776
-1.2 2.4 0.000795
2.7 2.1 0.000747
-1.2 -1.2 0.000748
2.4 -2.7 0.000812
-0.9 1.2 0.000776
3.0 0.3 0.000765
1.5 1.2 0.000749
0.3 -2.7 0.000759
3.0 2.7 0.000775
-2.7 -1.8 0.000769
2.4 0.3 0.000748
-1.5 1.8 0.00078
1.2 0.9 0.000738
-0.6 -1.8 0.000742
-1.5 -0.9 0.000746
-0.9 -3.0 0.000747
0.3 2.7 0.000727
-1.5 2.4 0.00076
-0.0 1.8 0.00078
-1.5 1.2 0.00075
-0.3 1.8 0.000775
2.4 1.2 0.000772
-0.3 2.4 0.000761
-0.6 -3.0 0.000748
2.1 2.7 0.000735
0.6 -1.2 0.000797
-2.1 -0.0 0.000754
-1.5 -3.0 0.000735
1.2 -0.0 0.000752
2.1 1.5 0.000774
1.2 2.1 0.00078
1.2 3.0 0.000742
-2.1 -1.8 0.00075
1.8 2.1 0.000737
0.3 2.1 0.000735
-0.6 3.0 0.000752
0.9 -0.9 0.000776
-0.0 2.1 0.000769
-2.7 0.3 0.000786
2.4 1.8 0.000738
2.7 1.2 0.000758
2.1 -0.0 0.000716
-2.4 1.5 0.000768
1.2 -0.6 0.000761
1.5 0.6 0.00077
1.8 -0.3 0.00073
1.5 0.9 0.000739
2.7 -3.0 0.000835
-3.0 3.0 0.000845
2.4 -3.0 0.000843
-1.8 -1.2 0.000745
2.1 3.0 0.000784
0.3 -1.2 0.0008
-3.0 -0.6 0.000767
1.2 -2.1 0.000802
-2.4 -2.4 0.000748
-3.0 0.3 0.00076
